1.0
0.052365302334863834
0.0
0.0008824315697926633
0.03659835521191348
0.0
0.0
0.042755338826602755
0.0715229415122431
0.050404228569624655
0.0
0.08340844620956381
0.039045498191399804
0.035464011666596414
0.0702003722946242
0.10852597106182177
0.03411604734738147
0.0602736384871337
0.0
0.04398497751306509
0.0
0.0
0.026060458964061256
0.12371177487028208
0.0
0.05191817153041596
1.0
0.02245380482847702
0.0
0.0
0.013273312657247587
0.0
0.0254377235948155
0.04240977337255391
0.0
0.0
0.0
0.2422466280450636
0.0
0.0
0.048341154306960565
0.032835625285289556
0.07006666228479767
0.0
0.0
0.04664829187055547
0.2083087445895771
0.0
0.0
0.0545371020894894
0.0505782653387767
0.31628361695832796
0.04093324205135199
0.06986892948521631
0.03874664543966652
0.8877097947956795
0.03710455482561601
0.07655079192913983
0.03170349055396893
0.0817217707656774
0.041572553924311466
0.027395085405260467
0.0
0.04595632453355929
0.04170202498260955
0.07039085173134092
0.06731983042299815
0.025269576811737627
0.0
0.027358044496951495
0.0
0.0641835770899934
0.13565745499568427
0.0
0.04868852567649715
0.046617279915425774
0.04023075538405009
0.13457605888379118
0.036753583499361336
0.03508171501001372
0.0
0.045617395721329064
0.034898622253230364
0.03802002863968495
0.05014071840528362
0.05320793651669436
0.06659270622431174
0.05413163086310222
0.15282900272194072
0.07137439411173122
0.043632563746286684
0.04759877406735941
0.04017028787271238
0.18122382145565374
0.0
0.0029333481930982896
0.0004405849654277974
0.23731687274309884
0.004530446834883796
0.0
0.0
0.0
0.0
0.040398360472327706
0.0
0.02104026483675547
0.0
0.0004683814599992575
0.0
0.04040081776217491
0.006984185125074268
0.0
0.05383395622321435
0.036663829584259136
0.01796254145287547
0.047062956998338394
0.0
0.015564656354500661
0.0
0.0590078241624993
0.02348214742056287
0.0
0.0
0.0
0.0
0.0
0.02253111253712615
0.0
0.038204455216335795
0.0
0.0
0.0
0.09112199347048396
0.0
0.0
0.0
0.0
0.0
0.0
0.059587842611730384
0.06983592650931691
0.0
0.0
0.0
0.0
0.0
0.0
0.0352141805377932
0.0
0.0
0.0
0.0
0.0
0.06409702757957123
0.0
0.0
0.0
0.0
0.0
0.3777228729800074
0.0
0.0
